0 0 1052 6
0 1 1058 17
0 2 1058 18
0 3 1058 16
0 4 1058 15
0 5 1058 14
0 6 1058 13
0 7 1058 11
0 8 1058 12
0 9 1057 6
0 10 1057 5
0 11 1058 3
0 12 1057 4
0 13 1057 3
0 14 1058 4
0 15 1058 5
0 16 1058 6
1 0 1054 3
1 1 1052 5
1 2 1057 11
1 3 1057 14
1 4 1057 16
1 5 1057 17
1 6 1058 7
1 7 1058 8
1 8 1058 9
1 9 1058 10
1 10 1056 5
1 11 1056 4
1 12 1056 3
1 13 1056 6
1 14 1056 7
1 15 1056 8
1 16 1056 9
1 17 1053 16
1 18 1053 15
1 19 1053 14
2 0 1054 8
2 1 1052 10
2 2 1054 7
2 3 1052 9
2 4 1054 6
2 5 1052 8
2 6 1054 5
2 7 1054 4
2 8 1052 7
2 9 1057 18
2 10 1057 15
2 11 1057 13
2 12 1057 12
2 13 1056 10
2 14 1053 13
2 15 1053 12
2 16 1053 11
2 17 1053 10
2 18 1053 9
2 19 1053 6
2 20 1053 5
2 21 1053 4
2 22 1053 3
3 0 1052 14
3 1 1054 13
3 2 1054 12
3 3 1054 11
3 4 1052 13
3 5 1054 10
3 6 1052 12
3 7 1054 9
3 8 1052 11
3 9 1056 18
3 10 1057 10
3 11 1057 9
3 12 1057 8
3 13 1057 7
3 14 1056 11
3 15 1055 18
3 16 1053 7
3 17 1055 17
3 18 1053 8
3 19 1055 7
3 20 1055 6
3 21 1055 5
3 22 1055 4
3 23 1055 3
4 0 1052 18
4 1 1052 17
4 2 1052 16
4 3 1052 15
4 4 1054 18
4 5 1054 17
4 6 1054 16
4 7 1054 15
4 8 1054 14
4 9 1052 4
4 10 1052 3
4 11 1050 3
4 12 1056 17
4 13 1056 16
4 14 1056 15
4 15 1056 14
4 16 1056 13
4 17 1056 12
4 18 1055 16
4 19 1055 15
4 20 1055 14
4 21 1055 13
4 22 1055 12
4 23 1055 11
4 24 1055 10
4 25 1055 9
4 26 1055 8
5 0 1050 9
5 1 1050 8
5 2 1050 7
5 3 1050 6
5 4 1050 5
5 5 1050 4
5 6 1048 18
5 7 1048 17
5 8 1048 16
5 9 1046 18
5 10 1046 17
5 11 1046 16
5 12 1046 15
5 13 1046 14
5 14 1048 11
5 15 1046 13
5 16 1048 10
5 17 1046 12
5 18 1048 4
5 19 1048 3
5 20 1053 18
5 21 1053 17
5 22 1051 18
5 23 1051 17
5 24 1051 16
5 25 1051 15
5 26 1049 18
5 27 1049 17
5 28 1049 16
5 29 1049 15
5 30 1047 11
5 31 1047 10
5 32 1047 9
5 33 1047 8
5 34 1047 7
5 35 1047 6
5 36 1047 5
5 37 1047 4
5 38 1047 3
5 39 1051 14
5 40 1051 13
5 41 1051 12
5 42 1051 11
5 43 1051 10
5 44 1051 9
5 45 1051 8
5 46 1051 7
5 47 1051 6
6 0 1050 17
6 1 1050 18
6 2 1050 16
6 3 1050 15
6 4 1050 14
6 5 1050 13
6 6 1050 12
6 7 1050 11
6 8 1050 10
6 9 1048 15
6 10 1048 14
6 11 1048 13
6 12 1048 12
6 13 1048 9
6 14 1046 11
6 15 1048 8
6 16 1046 10
6 17 1048 7
6 18 1046 9
6 19 1048 5
6 20 1046 8
6 21 1048 6
6 22 1046 7
6 23 1046 6
6 24 1046 5
6 25 1046 4
6 26 1046 3
6 27 1041 18
6 28 1041 17
6 29 1041 16
6 30 1041 15
6 31 1041 14
6 32 1041 13
6 33 1041 12
6 34 1041 11
6 35 1047 18
6 36 1047 17
6 37 1047 16
6 38 1047 15
6 39 1047 14
6 40 1049 14
6 41 1047 13
6 42 1049 13
6 43 1047 12
6 44 1049 12
6 45 1049 11
6 46 1049 10
6 47 1049 9
6 48 1049 8
6 49 1049 7
6 50 1049 6
6 51 1049 5
6 52 1049 4
6 53 1049 3
6 54 1051 5
6 55 1051 4
6 56 1051 3
7 0 1043 18
7 1 1043 17
7 2 1040 18
7 3 1043 16
7 4 1040 17
7 5 1043 15
7 6 1040 16
7 7 1043 14
7 8 1040 15
7 9 1037 14
7 10 1037 13
7 11 1043 9
7 12 1037 12
7 13 1040 10
7 14 1037 11
7 15 1043 8
7 16 1037 10
7 17 1040 9
7 18 1040 5
7 19 1043 4
7 20 1040 4
7 21 1043 3
7 22 1040 3
7 23 1038 18
7 24 1038 17
7 25 1038 16
7 26 1038 15
7 27 1038 10
7 28 1038 9
7 29 1041 10
7 30 1038 8
7 31 1044 6
7 32 1044 5
7 33 1044 4
7 34 1044 3
7 35 1045 18
7 36 1045 17
7 37 1045 16
7 38 1042 18
7 39 1045 15
7 40 1042 14
7 41 1039 14
7 42 1042 13
7 43 1039 13
7 44 1045 12
7 45 1039 12
7 46 1042 12
7 47 1039 11
7 48 1045 11
7 49 1042 8
7 50 1045 7
7 51 1042 7
7 52 1045 6
7 53 1042 6
7 54 1045 5
7 55 1042 5
7 56 1045 4
7 57 1045 3
8 0 1043 13
8 1 1040 14
8 2 1043 12
8 3 1040 13
8 4 1043 11
8 5 1040 12
8 6 1037 18
8 7 1043 10
8 8 1037 17
8 9 1040 11
8 10 1037 16
8 11 1037 15
8 12 1037 9
8 13 1037 8
8 14 1037 7
8 15 1037 6
8 16 1037 5
8 17 1037 4
8 18 1037 3
8 19 1040 8
8 20 1043 7
8 21 1040 7
8 22 1043 6
8 23 1040 6
8 24 1043 5
8 25 1038 14
8 26 1038 13
8 27 1038 12
8 28 1038 11
8 29 1041 9
8 30 1038 7
8 31 1038 6
8 32 1041 8
8 33 1044 11
8 34 1044 10
8 35 1044 9
8 36 1044 8
8 37 1044 7
8 38 1042 17
8 39 1045 14
8 40 1042 16
8 41 1045 13
8 42 1039 18
8 43 1039 17
8 44 1039 16
8 45 1042 15
8 46 1039 15
8 47 1039 10
8 48 1042 11
8 49 1039 9
8 50 1045 10
8 51 1039 8
8 52 1042 10
8 53 1039 7
8 54 1045 9
8 55 1039 6
8 56 1039 5
8 57 1039 4
8 58 1039 3
8 59 1042 9
8 60 1045 8
9 0 1033 18
9 1 1033 17
9 2 1033 16
9 3 1033 15
9 4 1033 14
9 5 1033 13
9 6 1033 12
9 7 1033 11
9 8 1029 8
9 9 1033 10
9 10 1033 9
9 11 1033 8
9 12 1033 7
9 13 1033 6
9 14 1033 5
9 15 1033 4
9 16 1033 3
9 17 1034 18
9 18 1034 14
9 19 1034 13
9 20 1034 12
9 21 1034 11
9 22 1034 10
9 23 1034 9
9 24 1034 8
9 25 1034 7
9 26 1034 6
9 27 1038 5
9 28 1041 7
9 29 1038 4
9 30 1041 6
9 31 1038 3
9 32 1044 16
9 33 1044 15
9 34 1044 14
9 35 1044 13
9 36 1044 12
9 37 1035 15
9 38 1035 14
9 39 1035 13
9 40 1035 12
9 41 1035 11
9 42 1035 10
9 43 1035 9
9 44 1035 8
9 45 1035 7
9 46 1035 6
9 47 1035 5
9 48 1035 4
9 49 1035 3
9 50 1036 18
9 51 1036 17
9 52 1036 16
9 53 1036 15
9 54 1036 14
9 55 1036 11
9 56 1036 10
9 57 1036 9
9 58 1036 8
9 59 1036 7
9 60 1036 6
9 61 1036 5
9 62 1036 4
9 63 1036 3
10 0 1029 9
10 1 1029 10
10 2 1029 11
10 3 1029 18
10 4 1029 12
10 5 1029 13
10 6 1029 14
10 7 1029 15
10 8 1029 17
10 9 1029 16
10 10 1025 8
10 11 1025 6
10 12 1025 4
10 13 1029 7
10 14 1029 6
10 15 1029 3
10 16 1029 4
10 17 1029 5
10 18 1034 17
10 19 1034 16
10 20 1034 15
10 21 1034 5
10 22 1034 4
10 23 1034 3
10 24 1030 18
10 25 1030 17
10 26 1030 16
10 27 1030 15
10 28 1041 5
10 29 1041 4
10 30 1041 3
10 31 1030 3
10 32 1030 4
10 33 1030 5
10 34 1035 18
10 35 1035 17
10 36 1035 16
10 37 1031 18
10 38 1031 17
10 39 1031 12
10 40 1031 11
10 41 1031 10
10 42 1031 9
10 43 1031 8
10 44 1031 13
10 45 1031 14
10 46 1027 12
10 47 1027 11
10 48 1031 5
10 49 1031 4
10 50 1031 3
10 51 1031 6
10 52 1031 7
10 53 1036 13
10 54 1036 12
10 55 1032 18
10 56 1032 17
10 57 1032 8
10 58 1032 5
10 59 1032 9
10 60 1032 10
10 61 1032 11
10 62 1032 4
10 63 1032 3
10 64 1032 6
10 65 1032 7
10 66 1042 3
11 0 1025 11
11 1 1025 12
11 2 1025 13
11 3 1025 14
11 4 1025 18
11 5 1021 8
11 6 1025 15
11 7 1025 16
11 8 1025 17
11 9 1025 10
11 10 1025 9
11 11 1025 7
11 12 1025 5
11 13 1025 3
11 14 1026 15
11 15 1026 16
11 16 1026 17
11 17 1026 18
11 18 1030 14
11 19 1030 13
11 20 1030 12
11 21 1030 11
11 22 1030 10
11 23 1030 9
11 24 1026 12
11 25 1026 13
11 26 1026 14
11 27 1026 3
11 28 1026 4
11 29 1026 5
11 30 1026 6
11 31 1026 7
11 32 1026 8
11 33 1030 8
11 34 1030 7
11 35 1030 6
11 36 1031 16
11 37 1031 15
11 38 1027 16
11 39 1027 18
11 40 1027 17
11 41 1027 4
11 42 1027 3
11 43 1027 5
11 44 1027 6
11 45 1027 7
11 46 1027 8
11 47 1027 9
11 48 1027 10
11 49 1023 12
11 50 1032 16
11 51 1032 15
11 52 1032 14
11 53 1032 13
11 54 1032 12
11 55 1028 17
11 56 1028 18
11 57 1028 16
11 58 1028 15
11 59 1028 3
11 60 1028 8
11 61 1028 9
11 62 1028 10
11 63 1028 11
11 64 1028 4
11 65 1028 5
11 66 1028 6
11 67 1028 7
12 0 1021 9
12 1 1021 10
12 2 1021 11
12 3 1021 12
12 4 1021 13
12 5 1021 14
12 6 1021 15
12 7 1021 16
12 8 1021 17
12 9 1021 18
12 10 1021 7
12 11 1021 6
12 12 1021 5
12 13 1021 4
12 14 1021 3
12 15 1022 9
12 16 1022 10
12 17 1022 11
12 18 1022 12
12 19 1022 13
12 20 1022 14
12 21 1022 17
12 22 1022 18
12 23 1026 11
12 24 1026 10
12 25 1026 9
12 26 1022 16
12 27 1022 15
12 28 1022 6
12 29 1022 5
12 30 1022 4
12 31 1022 3
12 32 1022 7
12 33 1022 8
12 34 1023 16
12 35 1023 17
12 36 1023 18
12 37 1023 15
12 38 1023 14
12 39 1027 15
12 40 1027 14
12 41 1027 13
12 42 1023 13
12 43 1023 11
12 44 1023 10
12 45 1023 9
12 46 1023 3
12 47 1023 4
12 48 1023 5
12 49 1023 6
12 50 1023 7
12 51 1023 8
12 52 1024 15
12 53 1024 16
12 54 1024 17
12 55 1024 18
12 56 1024 14
12 57 1028 14
12 58 1024 13
12 59 1028 13
12 60 1028 12
12 61 1024 7
12 62 1024 6
12 63 1024 3
12 64 1024 4
12 65 1024 5
12 66 1024 8
12 67 1024 9
12 68 1024 10
12 69 1024 11
12 70 1024 12
13 0 1016 11
13 1 1016 10
13 2 1016 9
13 3 1016 8
13 4 1016 7
13 5 1016 6
13 6 1016 5
13 7 1016 3
13 8 1016 4
13 9 1011 10
13 10 1011 9
13 11 1011 8
13 12 1011 7
13 13 1012 13
13 14 1012 12
13 15 1012 11
13 16 1012 10
13 17 1012 9
13 18 1017 18
13 19 1017 17
13 20 1017 16
13 21 1017 15
13 22 1012 7
13 23 1017 6
13 24 1012 6
13 25 1017 5
13 26 1012 5
13 27 1017 4
13 28 1013 11
13 29 1013 10
13 30 1018 18
13 31 1018 17
13 32 1018 13
13 33 1018 14
13 34 1018 16
13 35 1018 15
13 36 1013 9
13 37 1018 12
13 38 1018 5
13 39 1018 4
13 40 1018 3
13 41 1013 8
13 42 1013 7
13 43 1013 6
13 44 1013 5
13 45 1014 15
13 46 1014 14
13 47 1014 13
13 48 1014 12
13 49 1014 11
13 50 1014 10
13 51 1019 18
13 52 1019 8
13 53 1014 9
13 54 1019 7
13 55 1014 8
13 56 1019 4
13 57 1019 5
13 58 1019 6
13 59 1019 3
13 60 1014 7
13 61 1020 13
13 62 1020 16
13 63 1020 15
13 64 1020 14
13 65 1015 11
13 66 1020 12
13 67 1015 10
13 68 1020 11
13 69 1015 7
13 70 1015 6
13 71 1015 5
13 72 1015 4
13 73 1015 3
14 0 1011 13
14 1 1011 12
14 2 1011 11
14 3 1016 18
14 4 1016 17
14 5 1016 16
14 6 1016 15
14 7 1016 14
14 8 1016 13
14 9 1016 12
14 10 1011 6
14 11 1011 5
14 12 1011 4
14 13 1011 3
14 14 1012 18
14 15 1012 17
14 16 1012 16
14 17 1012 15
14 18 1012 14
14 19 1017 14
14 20 1017 13
14 21 1017 12
14 22 1017 11
14 23 1017 10
14 24 1017 9
14 25 1017 8
14 26 1012 8
14 27 1017 7
14 28 1017 3
14 29 108 18
14 30 1013 18
14 31 1013 17
14 32 1013 16
14 33 1013 15
14 34 1013 14
14 35 1013 13
14 36 1013 12
14 37 1018 11
14 38 1018 10
14 39 1018 9
14 40 1018 8
14 41 1018 7
14 42 1018 6
14 43 1013 4
14 44 1013 3
14 45 108 7
14 46 1014 18
14 47 1014 17
14 48 1014 16
14 49 1019 17
14 50 1019 16
14 51 1019 15
14 52 1019 14
14 53 1019 13
14 54 1019 12
14 55 1019 11
14 56 1019 10
14 57 1019 9
14 58 1014 6
14 59 1014 5
14 60 1014 4
14 61 1014 3
14 62 109 11
14 63 1015 18
14 64 1015 17
14 65 1020 18
14 66 1020 17
14 67 1015 9
14 68 1020 10
14 69 1015 8
14 70 1020 9
14 71 1020 8
14 72 1020 7
14 73 1020 6
14 74 1020 5
14 75 1020 4
14 76 1020 3
15 0 1011 18
15 1 1011 17
15 2 1011 16
15 3 1011 15
15 4 1011 14
15 5 1006 15
15 6 1006 16
15 7 1006 17
15 8 1006 18
15 9 1006 11
15 10 1006 10
15 11 1006 9
15 12 1006 8
15 13 1006 7
15 14 1006 6
15 15 1006 5
15 16 1006 4
15 17 1006 3
15 18 1007 10
15 19 1007 11
15 20 1007 12
15 21 1007 13
15 22 1007 14
15 23 1007 15
15 24 1007 17
15 25 1007 16
15 26 1007 18
15 27 1012 4
15 28 1012 3
15 29 1007 4
15 30 1007 3
15 31 1007 5
15 32 1007 6
15 33 1007 7
15 34 1007 8
15 35 1003 18
15 36 1008 17
15 37 1008 16
15 38 1008 15
15 39 1008 14
15 40 1008 8
15 41 1008 9
15 42 1008 10
15 43 1008 13
15 44 1008 11
15 45 1008 3
15 46 1008 4
15 47 1008 5
15 48 1008 6
15 49 1009 12
15 50 1009 13
15 51 1009 14
15 52 1009 15
15 53 1009 16
15 54 1009 17
15 55 1009 18
15 56 1009 4
15 57 1009 8
15 58 1009 6
15 59 1009 7
15 60 1009 3
15 61 1009 9
15 62 1009 10
15 63 1009 5
15 64 1004 7
15 65 1015 16
15 66 1015 15
15 67 1015 14
15 68 1015 13
15 69 1015 12
15 70 1010 14
15 71 1010 13
15 72 1010 12
15 73 1010 16
15 74 1010 3
15 75 1010 4
15 76 1010 5
15 77 1010 6
15 78 1010 9
15 79 1010 10
15 80 1010 11
15 81 1010 7
15 82 1010 8
16 0 1001 18
16 1 1001 17
16 2 1001 16
16 3 1001 15
16 4 1001 14
16 5 1001 13
16 6 1001 12
16 7 1006 14
16 8 1006 13
16 9 1006 12
16 10 1001 11
16 11 1001 10
16 12 1001 9
16 13 1001 8
16 14 1001 7
16 15 1001 6
16 16 1001 5
16 17 1001 4
16 18 1001 3
16 19 1002 16
16 20 1002 17
16 21 1002 18
16 22 1002 15
16 23 1002 14
16 24 1002 13
16 25 1002 12
16 26 1002 11
16 27 1002 10
16 28 1007 9
16 29 1002 9
16 30 1002 8
16 31 1002 7
16 32 1002 6
16 33 1002 5
16 34 1002 3
16 35 1002 4
16 36 1003 17
16 37 1003 16
16 38 1003 15
16 39 1003 14
16 40 1003 13
16 41 1003 12
16 42 1003 11
16 43 1003 10
16 44 1003 9
16 45 1008 12
16 46 1003 8
16 47 1003 7
16 48 1003 6
16 49 1003 5
16 50 1003 4
16 51 1003 3
16 52 1004 18
16 53 1004 17
16 54 1004 16
16 55 1004 15
16 56 1004 14
16 57 1004 13
16 58 1004 12
16 59 1004 11
16 60 1004 10
16 61 1004 9
16 62 1004 8
16 63 1004 3
16 64 1004 4
16 65 1004 5
16 66 1004 6
16 67 1010 15
16 68 1010 17
16 69 1010 18
16 70 1005 16
16 71 1005 17
16 72 1005 18
16 73 1005 15
16 74 1005 14
16 75 1005 13
16 76 1005 12
16 77 1005 11
16 78 1005 10
16 79 1005 9
16 80 1005 8
16 81 1005 3
16 82 1005 4
16 83 1005 5
16 84 1005 6
16 85 1005 7
17 0 51 18
17 1 51 17
17 2  51 16
17 3 51 15
17 4 51 14
17 5 51 13
17 6 51 12
17 7 51 11
17 8 51 10
17 9 51 9
17 10 51 8
17 11 51 7
17 12 51 6
17 13 51 5
17 14 51 4
17 15 45 7
17 16 45 6
17 17 45 5
17 18 45 4
17 19 45 3
17 20 52 18
17 21 52 17
17 22 52 16
17 23 52 15
17 24 52 14
17 25 52 13
17 26 52 12
17 27 52 11
17 28 52 10
17 29 52 9
17 30 52 6
17 31 52 5
17 32 52 4
17 33 52 3
17 34 53 18
17 35 53 17
17 36 53 16
17 37 53 15
17 38 53 14
17 39 53 13
17 40 53 12
17 41 53 11
17 42 53 10
17 43 53 9
17 44 53 8
17 45 53 7
17 46 53 6
17 47 53 5
17 48 53 4
17 49 53 3
17 50 54 18
17 51 54 17
17 52 54 16
17 53 54 15
17 54 54 14
17 55 54 13
17 56 54 12
17 57 54 11
17 58 54 10
17 59 54 9
17 60 54 8
17 61 54 7
17 62 54 6
17 63 54 5
17 64 54 4
17 65 54 3
17 66 48 12
17 67 48 11
17 68 48 10
17 69 48 9
17 70 55 18
17 71 55 17
17 72 55 16
17 73 55 15
17 74 55 14
17 75 55 13
17 76 55 12
17 77 55 11
17 78 55 10
17 79 55 9
17 80 55 8
17 81 55 7
17 82 55 6
17 83 55 5
17 84 55 4
17 85 55 3
17 86 56 18
17 87 56 17
17 88 56 16
17 89 56 15
17 90 56 14
17 91 56 13
17 92 56 12
17 93 56 11
17 94 56 10
17 95 56 9
17 96 56 8
17 97 56 7
17 98 56 6
17 99 56 5
17 100 56 4
17 101 56 3
18 0 38 12
18 1 38 11
18 2 38 10
18 3 38 9
18 4 38 8
18 5 38 7
18 6 38 6
18 7 38 5
18 8 38 4
18 9 38 3
18 10 45 18
18 11 45 17
18 12 45 16
18 13 45 15
18 14 45 14
18 15 45 13
18 16 45 12
18 17 45 11
18 18 45 10
18 19 45 9
18 20 18 17
18 21 18 18
18 22 18 16
18 23 18 15
18 24 18 14
18 25 18 13
18 26 32 10
18 27 32 7
18 28 32 9
18 29 32 8
18 30 52 8
18 31 52 7
18 32 46 18
18 33 46 17
18 34 46 16
18 35 46 15
18 36 46 14
18 37 46 13
18 38 46 12
18 39 46 11
18 40 19 10
18 41 19 9
18 42 19 8
18 43 19 7
18 44 19 6
18 45 19 5
18 46 19 4
18 47 19 3
18 48 26 6
18 49 26 5
18 50 34 18
18 51 34 17
18 52 34 16
18 53 34 15
18 54 34 14
18 55 34 13
18 56 34 12
18 57 34 11
18 58 34 10
18 59 34 9
18 60 27 10
18 61 27 9
18 62 27 8
18 63 27 7
18 64 27 6
18 65 27 5
18 66 27 4
18 67 27 3
18 68 34 8
18 69 34 7
18 70 21 18
18 71 21 17
18 72 21 16
18 73 21 15
18 74 21 14
18 75 21 13
18 76 21 12
18 77 21 11
18 78 21 10
18 79 21 9
18 80 42 7
18 81 42 6
18 82 42 5
18 83 42 4
18 84 42 3
18 85 48 7
18 86 48 6
18 87 48 5
18 88 48 4
18 89 48 3
18 90 29 7
18 91 29 6
18 92 29 5
18 93 29 4
18 94 29 3
18 95 36 7
18 96 36 6
18 97 36 5
18 98 36 4
18 99 36 3
18 100 49 12
18 101 49 11
18 102 49 10
18 103 49 9
18 104 49 8
18 105 49 7
18 106 49 6
18 107 49 5
18 108 49 4
18 109 49 3
18 110 37 8
18 111 37 7
18 112 37 6
18 113 37 5
18 114 37 4
18 115 37 3
18 116 44 9
18 117 44 8
18 118 44 7
18 119 44 6
19 0 38 16
19 1 38 15
19 2 38 14
19 3 38 13
19 4 31 15
19 5 31 14
19 6 31 13
19 7 31 12
19 8 31 11
19 9 17 14
19 10 17 13
19 11 17 12
19 12 17 3
19 13 17 4
19 14 17 5
19 15 17 6
19 16 17 7
19 17 17 8
19 18 39 13
19 19 39 12
19 20 39 11
19 21 32 18
19 22 32 17
19 23 32 16
19 24 32 15
19 25 32 14
19 26 32 13
19 27 18 8
19 28 18 7
19 29 18 6
19 30 18 5
19 31 18 4
19 32 18 3
19 33 32 6
19 34 32 5
19 35 32 4
19 36 40 18
19 37 40 17
19 38 40 16
19 39 40 15
19 40 40 14
19 41 40 13
19 42 40 12
19 43 40 11
19 44 40 10
19 45 33 13
19 46 33 12
19 47 33 11
19 48 33 10
19 49 33 9
19 50 33 8
19 51 33 7
19 52 33 5
19 53 33 6
19 54 47 14
19 55 47 13
19 56 47 12
19 57 47 11
19 58 47 10
19 59 41 17
19 60 41 16
19 61 41 15
19 62 41 14
19 63 27 12
19 64 27 11
19 65 34 6
19 66 34 5
19 67 34 4
19 68 34 3
19 69 41 3
19 70 47 7
19 71 47 6
19 72 47 5
19 73 47 4
19 74 47 3
19 75 48 18
19 76 48 17
19 77 48 16
19 78 28 8
19 79 35 17
19 80 28 7
19 81 35 16
19 82 28 6
19 83 35 15
19 84 35 7
19 85 35 6
19 86 35 5
19 87 35 4
19 88 35 3
19 89 42 8
19 90 36 17
19 91 36 16
19 92 36 15
19 93 36 14
19 94 29 11
19 95 36 12
19 96 36 10
19 97 29 8
19 98 29 9
19 99 43 11
19 100 43 10
19 101 43 9
19 102 43 8
19 103 43 7
19 104 43 6
19 105 43 5
19 106 43 4
19 107 43 3
19 108 30 18
19 109 30 17
19 110 30 16
19 111 30 15
19 112 30 14
19 113 30 13
19 114 30 12
19 115 30 11
19 116 30 10
19 117 44 3
19 118 50 15
19 119 50 14
19 120 50 13
19 121 50 12
19 122 50 11
19 123 50 10
19 124 50 9
19 125 50 8
20 0 38 18
20 1 38 17
20 2 31 10
20 3 31 9
20 4 31 8
20 5 31 7
20 6 31 6
20 7 31 5
20 8 31 4
20 9 31 3
20 10 17 11
20 11 17 10
20 12 17 9
20 13 45 8
20 14 39 18
20 15 39 14
20 16 39 15
20 17 39 16
20 18 39 17
20 19 32 12
20 20 32 11
20 21 25 16
20 22 25 17
20 23 25 18
20 24 25 15
20 25 25 14
20 26 25 13
20 27 25 12
20 28 32 3
20 29 39 10
20 30 39 9
20 31 39 8
20 32 39 7
20 33 39 6
20 34 39 5
20 35 39 4
20 36 39 3
20 37 11 17
20 38 11 16
20 39 11 15
20 40 11 14
20 41 40 9
20 42 40 8
20 43 40 7
20 44 40 6
20 45 40 5
20 46 33 4
20 47 33 3
20 48 40 4
20 49 40 3
20 50 46 10
20 51 46 9
20 52 46 6
20 53 46 7
20 54 46 8
20 55 47 18
20 56 47 17
20 57 47 16
20 58 47 15
20 59 41 18
20 60 41 13
20 61 41 12
20 62 41 11
20 63 41 10
20 64 41 9
20 65 41 8
20 66 41 7
20 67 41 6
20 68 41 5
20 69 41 4
20 70 13 12
20 71 13 11
20 72 13 10
20 73 13 9
20 74 13 8
20 75 13 7
20 76 13 6
20 77 13 5
20 78 13 4
20 79 28 9
20 80 35 18
20 81 28 5
20 82 35 14
20 83 28 4
20 84 35 13
20 85 28 3
20 86 14 16
20 87 14 13
20 88 14 12
20 89 14 8
20 90 14 7
20 91 14 4
20 92 43 18
20 93 43 17
20 94 36 18
20 95 36 13
20 96 29 12
20 97 29 10
20 98 36 8
20 99 36 9
20 100 36 11
20 101 43 16
20 102 43 15
20 103 43 14
20 104 43 13
20 105 43 12
20 106 49 16
20 107 49 15
20 108 49 14
20 109 49 13
20 110 30 9
20 111 30 8
20 112 30 7
20 113 30 6
20 114 30 5
20 115 30 4
20 116 30 3
20 117 16 7
20 118 16 6
20 119 50 18
20 120 44 5
20 121 50 17
20 122 44 4
20 123 50 16
20 124 50 7
20 125 50 6
20 126 50 5
20 127 50 4
20 128 50 3
21 0 31 16
21 1 31 18
21 2 24 18
21 3 24 14
21 4 24 12
21 5 24 10
21 6 24 9
21 7 24 8
21 8 24 7
21 9 9 7
21 10 9 6
21 11 9 5
21 12 17 18
21 13 9 4
21 14 17 17
21 15 9 3
21 16 17 16
21 17 17 15
21 18 10 10
21 19 10 9
21 20 10 8
21 21 10 7
21 22 10 6
21 23 10 5
21 24 10 4
21 25 10 3
21 26 10 18
21 27 25 11
21 28 25 10
21 29 25 9
21 30 25 8
21 31 25 7
21 32 25 6
21 33 25 5
21 34 25 4
21 35 25 3
21 36 26 16
21 37 26 15
21 38 26 14
21 39 26 13
21 40 11 12
21 41 11 13
21 42 26 12
21 43 11 11
21 44 26 11
21 45 19 12
21 46 19 13
21 47 19 14
21 48 19 15
21 49 19 18
21 50 19 17
21 51 19 16
21 52 19 11
21 53 26 4
21 54 12 18
21 55 12 17
21 56 12 16
21 57 12 15
21 58 12 14
21 59 12 13
21 60 12 12
21 61 12 11
21 62 12 10
21 63 20 15
21 64 20 14
21 65 20 13
21 66 20 12
21 67 20 11
21 68 20 10
21 69 13 18
21 70 13 17
21 71 13 16
21 72 13 15
21 73 13 14
21 74 13 13
21 75 13 3
21 76 48 15
21 77 48 14
21 78 48 13
21 79 42 18
21 80 42 17
21 81 42 16
21 82 42 15
21 83 42 14
21 84 35 11
21 85 35 10
21 86 35 9
21 87 35 8
21 88 14 18
21 89 14 17
21 90 14 5
21 91 14 3
21 92 14 6
21 93 14 9
21 94 14 10
21 95 14 11
21 96 22 15
21 97 22 14
21 98 22 13
21 99 22 12
21 100 22 11
21 101 22 10
21 102 22 9
21 103 22 8
21 104 22 7
21 105 15 10
21 106 15 9
21 107 15 8
21 108 15 7
21 109 15 3
21 110 15 4
21 111 15 5
21 112 15 6
21 113 15 18
21 114 16 18
21 115 16 17
21 116 16 16
21 117 16 15
21 118 16 14
21 119 16 13
21 120 16 12
21 121 16 11
21 122 16 10
21 123 37 15
21 124 37 14
21 125 37 13
21 126 37 12
21 127 37 9
21 128 37 10
21 129 37 11
21 130 44 10
21 131 44 12
22 0 31 17
22 1 24 17
22 2 24 16
22 3 24 15
22 4 24 13
22 5 24 11
22 6 24 6
22 7 24 5
22 8 24 4
22 9 24 3
22 10 1 11
22 11 1 10
22 12 1 9
22 13 1 8
22 14 1 7
22 15 1 6
22 16 1 5
22 17 1 4
22 18 1 3
22 19 10 17
22 20 10 16
22 21 10 15
22 22 10 14
22 23 10 13
22 24 2 18
22 25 10 11
22 26 10 12
22 27 2 17
22 28 2 7
22 29 2 6
22 30 2 5
22 31 2 4
22 32 2 3
22 33 18 12
22 34 18 11
22 35 18 10
22 36 18 9
22 37 11 18
22 38 26 18
22 39 26 17
22 40 3 18
22 41 3 17
22 42 11 10
22 43 3 16
22 44 11 9
22 45 3 15
22 46 26 3
22 47 33 18
22 48 33 17
22 49 33 16
22 50 33 15
22 51 33 14
22 52 46 3
22 53 46 4
22 54 46 5
22 55 4 13
22 56 4 12
22 57 4 11
22 58 4 10
22 59 4 9
22 60 4 8
22 61 4 7
22 62 4 6
22 63 4 5
22 64 20 18
22 65 20 17
22 66 20 16
22 67 20 9
22 68 20 8
22 69 20 7
22 70 5 18
22 71 5 17
22 72 5 16
22 73 5 15
22 74 5 14
22 75 5 13
22 76 5 6
22 77 5 5
22 78 5 4
22 79 5 3
22 80 42 13
22 81 42 12
22 82 42 11
22 83 42 10
22 84 42 9
22 85 35 12
22 86 6 18
22 87 6 17
22 88 6 16
22 89 6 15
22 90 6 14
22 91 6 13
22 92 6 6
22 93 6 5
22 94 6 4
22 95 6 3
22 96 14 14
22 97 14 15
22 98 29 16
22 99 29 17
22 100 29 18
22 101 29 15
22 102 29 14
22 103 29 13
22 104 22 18
22 105 22 17
22 106 22 16
22 107 15 14
22 108 7 4
22 109 15 13
22 110 7 3
22 111 15 12
22 112 15 11
22 113 15 17
22 114 15 16
22 115 15 15
22 116 23 6
22 117 23 7
22 118 23 8
22 119 23 9
22 120 23 5
22 121 23 4
22 122 23 3
22 123 16 8
22 124 16 9
22 125 37 18
22 126 37 17
22 127 37 16
22 128 44 13
22 129 44 14
22 130 44 15
22 131 44 18
22 132 44 17
22 133 44 16
22 134 44 11
23 0 9 18
23 1 9 17
23 2 9 16
23 3 9 15
23 4 9 14
23 5 9 13
23 6 9 12
23 7 9 11
23 8 9 10
23 9 1 18
23 10 1 17
23 11 1 16
23 12 9 9
23 13 1 15
23 14 9 8
23 15 1 14
23 16 1 13
23 17 1 12
23 18 2 16
23 19 2 15
23 20 2 14
23 21 2 13
23 22 2 12
23 23 2 11
23 24 2 10
23 25 2 9
23 26 2 8
23 27 3 14
23 28 3 13
23 29 3 12
23 30 3 11
23 31 3 10
23 32 3 9
23 33 3 8
23 34 3 7
23 35 3 6
23 36 11 3
23 37 11 4
23 38 11 5
23 39 11 6
23 40 3 3
23 41 3 4
23 42 11 7
23 43 3 5
23 44 11 8
23 45 26 10
23 46 26 9
23 47 26 8
23 48 26 7
23 49 4 18
23 50 4 17
23 51 4 16
23 52 4 15
23 53 4 14
23 54 12 9
23 55 4 4
23 56 12 8
23 57 4 3
23 58 12 7
23 59 12 6
23 60 12 5
23 61 12 4
23 62 12 3
23 63 27 18
23 64 27 17
23 65 27 16
23 66 27 15
23 67 27 14
23 68 27 13
23 69 20 6
23 70 20 5
23 71 20 4
23 72 20 3
23 73 5 12
23 74 5 11
23 75 5 10
23 76 5 9
23 77 5 8
23 78 5 7
23 79 28 16
23 80 28 17
23 81 28 18
23 82 28 15
23 83 28 14
23 84 28 13
23 85 28 10
23 86 28 11
23 87 28 12
23 88 21 8
23 89 21 7
23 90 21 6
23 91 21 5
23 92 21 4
23 93 21 3
23 94 6 12
23 95 6 11
23 96 6 10
23 97 6 9
23 98 6 8
23 99 6 7
23 100 22 3
23 101 22 4
23 102 22 5
23 103 7 18
23 104 22 6
23 105 7 17
23 106 7 16
23 107 7 15
23 108 7 14
23 109 7 13
23 110 7 12
23 111 7 11
23 112 7 10
23 113 7 9
23 114 7 8
23 115 7 7
23 116 7 6
23 117 7 5
23 118 23 18
23 119 23 17
23 120 23 16
23 121 23 15
23 122 23 14
23 123 23 13
23 124 23 12
23 125 23 11
23 126 23 10
23 127 8 8
23 128 8 7
23 129 8 6
23 130 8 5
23 131 8 4
23 132 8 3
23 133 16 5
23 134 16 4
23 135 16 3
