11043
11040
11037
11034
11030
11026
11022
11035
11031
11027
11023
11058
11057
11056
11055
11053
11051
11049
11047
11045
11042
11039
11054
11052
11050
11048
11046
11044
11041
11038
11036
11032
11028
11024
11033
11029
11025
11021
11006
11001
11007
11002
11008
11003
11004
11010
11005
10031
10024
10046
10033
10026
10048
10042
10035
10028
10021
10052
10053
10054
10055
10056
10044
10037
10023
10016
10008
10051
10045
10018
10027
10020
10029
10022
10015
10007
10009
10001
10010
10002
10011
10003
10012
10004
10005
10014
10006
21043
21040
21037
21034
21030
21026
21022
21035
21031
21027
21023
21058
21057
21056
21055
21053
21051
21049
21047
21045
21042
21039
21054
21052
21050
21048
21046
21044
21041
21038
21036
21032
21028
21024
21033
21029
21025
21021
21006
21001
21007
21002
21008
21003
21004
21010
21005
20031
20024
20046
20033
20026
20048
20042
20035
20028
20021
20052
20053
20054
20055
20056
20044
20037
20023
20016
20008
20051
20045
20018
20027
20020
20029
20022
20015
20007
20009
20001
20010
20002
20011
20003
20012
20004
20005
20014
20006
31043
31040
31037
31034
31030
31026
31022
31035
31031
31027
31023
31058
31057
31056
31055
31053
31051
31049
31047
31045
31042
31039
31054
31052
31050
31048
31046
31044
31041
31038
31036
31032
31028
31024
31033
31029
31025
31021
31006
31001
31007
31002
31008
31003
31004
31010
31005
30031
30024
30046
30033
30026
30048
30042
30035
30028
30021
30052
30053
30054
30055
30056
30044
30037
30023
30016
30008
30051
30045
30018
30027
30020
30029
30022
30015
30007
30009
30001
30010
30002
30011
30003
30012
30004
30005
30014
30006
41043
41040
41037
41034
41030
41026
41022
41035
41031
41027
41023
41058
41057
41056
41055
41053
41051
41049
41047
41045
41042
41039
41054
41052
41050
41048
41046
41044
41041
41038
41036
41032
41028
41024
41033
41029
41025
41021
41006
41001
41007
41002
41008
41003
41004
41010
41005
40031
40024
40046
40033
40026
40048
40042
40035
40028
40021
40052
40053
40054
40055
40056
40044
40037
40023
40016
40008
40051
40045
40018
40027
40020
40029
40022
40015
40007
40009
40001
40010
40002
40011
40003
40012
40004
40005
40014
40006
51043
51040
51037
51034
51030
51026
51022
51035
51031
51027
51023
51058
51057
51056
51055
51053
51051
51049
51047
51045
51042
51039
51054
51052
51050
51048
51046
51044
51041
51038
51036
51032
51028
51024
51033
51029
51025
51021
51006
51001
51007
51002
51008
51003
51004
51010
51005
50031
50024
50046
50033
50026
50048
50042
50035
50028
50021
50052
50053
50054
50055
50056
50044
50037
50023
50016
50008
50051
50045
50018
50027
50020
50029
50022
50015
50007
50009
50001
50010
50002
50011
50003
50012
50004
50005
50014
50006
61043
61040
61037
61034
61030
61026
61022
61035
61031
61027
61023
61058
61057
61056
61055
61053
61051
61049
61047
61045
61042
61039
61054
61052
61050
61048
61046
61044
61041
61038
61036
61032
61028
61024
61033
61029
61025
61021
61006
61001
61007
61002
61008
61003
61004
61010
61005
60031
60024
60046
60033
60026
60048
60042
60035
60028
60021
60052
60053
60054
60055
60056
60044
60037
60023
60016
60008
60051
60045
60018
60027
60020
60029
60022
60015
60007
60009
60001
60010
60002
60011
60003
60012
60004
60005
60014
60006
